---------------------------------------------------------
alpha = 0.01, eta = 0.25
a = 1, b = 1
#_layers = 3 -> [400, 25, 10]
num_epochs = 100
#_tr_data = 6000
#_te_data = 1000
initial_weights = [array([[ 0.04266167, -0.089551  ,  0.04743015, ..., -0.08405174,
         0.02571408, -0.01556238],
       [-0.07875248,  0.06257317,  0.04649989, ...,  0.02600429,
        -0.01327293, -0.00920471],
       [-0.03337511, -0.0702836 , -0.09598263, ..., -0.00677781,
         0.0677471 , -0.00780167],
       ...,
       [-0.00743154, -0.06563339, -0.04037875, ..., -0.09329943,
        -0.00210533,  0.01126363],
       [-0.05480402, -0.06699948,  0.08637671, ..., -0.08242452,
        -0.06640561,  0.0256982 ],
       [-0.04884807, -0.06524929, -0.03421447, ..., -0.02078555,
         0.01491126,  0.04587765]]), array([[ 0.21442641,  0.23774508, -0.11317549, ...,  0.144282  ,
         0.31499173,  0.23268702],
       [-0.46922458, -0.02272122, -0.20189588, ..., -0.4275547 ,
         0.10671862,  0.19778534],
       [ 0.20491601, -0.19307862,  0.39656477, ...,  0.43133294,
        -0.00937741,  0.35891543],
       ...,
       [ 0.36436273,  0.48682986,  0.12438233, ...,  0.01668038,
         0.10432055,  0.05007522],
       [-0.26126641,  0.40266481, -0.01458571, ..., -0.18432973,
         0.46699686,  0.30583829],
       [-0.2750539 ,  0.31170217,  0.19716303, ...,  0.35856106,
         0.37476974,  0.1506725 ]]), array([[ 0.44888545, -0.44709287, -0.40543887,  0.30582609,  0.13172754,
        -0.27668385,  0.16342334, -0.33126287,  0.20149537, -0.18431602,
        -0.27959121, -0.38702302, -0.12749426,  0.01235687, -0.49977214,
        -0.37025563, -0.38274091, -0.00074098, -0.42997711, -0.44097343,
        -0.32404816,  0.33369536,  0.48181309,  0.19039452,  0.41984373,
         0.33228383],
       [-0.28980689,  0.12407798,  0.47827473,  0.03371558, -0.30658217,
         0.29533039, -0.37398928,  0.18290976,  0.45522933,  0.01449153,
         0.22722593, -0.47919339,  0.26654346,  0.38256955, -0.25806805,
         0.42181754,  0.3547306 , -0.29277816,  0.18963507,  0.06031418,
        -0.01722919, -0.05437235,  0.18663451,  0.31706164,  0.26894515,
        -0.46477275],
       [ 0.33103076,  0.24775925, -0.3881758 ,  0.42530864, -0.44132727,
         0.09156112, -0.10649115,  0.40354729, -0.28070437, -0.06443373,
        -0.29366563, -0.48136404,  0.32387855,  0.44873612,  0.24812368,
        -0.35740924, -0.24818635,  0.17337224,  0.36983205, -0.25820247,
         0.16296375,  0.2746983 , -0.03421421,  0.09118265, -0.1488793 ,
         0.27103121],
       [-0.10204479,  0.23665586,  0.43794133, -0.18102574,  0.41533128,
         0.08162097, -0.22000954,  0.34142719, -0.13858204, -0.13270628,
        -0.06285206,  0.21921255, -0.0614287 , -0.02145653, -0.00534488,
         0.02944267, -0.12845882,  0.29426116, -0.34771273,  0.32762233,
         0.08225505, -0.41479611,  0.22804562,  0.43949905, -0.11069426,
        -0.40122213],
       [-0.48639698, -0.26651156,  0.04817658,  0.41388488, -0.37966739,
        -0.15284605,  0.33836318,  0.42126373,  0.20043442, -0.08922928,
        -0.41557979,  0.33103735, -0.33406447,  0.3369636 , -0.48291558,
         0.15156177, -0.08115484,  0.16386037,  0.34731873,  0.36218244,
        -0.2653001 , -0.39487229, -0.45687869,  0.23387287,  0.22250702,
        -0.42283769],
       [ 0.20454861,  0.36621777, -0.39247871, -0.07829146, -0.40051478,
         0.35417507, -0.0309555 , -0.0153948 , -0.4324489 , -0.00495142,
         0.01001304,  0.23240929,  0.35570432, -0.18207071, -0.26062401,
         0.01762438,  0.35843266,  0.32170485,  0.47659835,  0.31358094,
         0.38382008, -0.17512404, -0.34685367, -0.15309471, -0.01980814,
        -0.49154453],
       [ 0.26161178, -0.17196325,  0.46168068,  0.21358147,  0.44580604,
         0.10337463, -0.45011636,  0.19066894,  0.2843243 ,  0.42116599,
        -0.28643245,  0.40872939,  0.27112602, -0.2707438 , -0.49569221,
         0.49803322,  0.48230099,  0.16577275,  0.47628132,  0.3307302 ,
         0.29191366, -0.1712496 , -0.10480699, -0.40121596,  0.41456376,
        -0.07530926],
       [-0.08488969, -0.43421651,  0.32981442,  0.11808427,  0.03583256,
        -0.09125857,  0.24048786, -0.3858065 ,  0.014435  ,  0.19522361,
         0.27284771,  0.08768487, -0.11089632, -0.29460665,  0.15783634,
         0.4361006 ,  0.20189653,  0.27306017,  0.38374249,  0.45610912,
        -0.22601916,  0.13350251, -0.44284628, -0.29640323, -0.37138442,
        -0.04720198],
       [ 0.1222664 , -0.17635415,  0.46304372, -0.04726464, -0.23050322,
         0.37552907, -0.05444417,  0.2521336 , -0.3043349 , -0.06310704,
         0.30614391, -0.00807741, -0.25294754,  0.1216791 , -0.38628045,
        -0.22767958,  0.02833798,  0.07207333, -0.14173281, -0.08512624,
        -0.16708085,  0.11993659, -0.12346316, -0.26589398,  0.43665483,
         0.20682822],
       [ 0.15309448, -0.32552351, -0.06809006, -0.20934808, -0.28710592,
        -0.49240084,  0.20163017, -0.31712811,  0.31801843,  0.30730545,
        -0.06110319, -0.0135379 ,  0.49498696, -0.46376542, -0.11053026,
         0.14319526,  0.42446566, -0.16505131, -0.34188867,  0.06468321,
        -0.15159846,  0.49100919,  0.2695514 , -0.35941773, -0.10310427,
        -0.23617896]])]
final_weights = [array([[ 0.04266167, -0.089551  ,  0.04743015, ..., -0.08405174,
         0.02571408, -0.01556238],
       [-0.07875248,  0.06257317,  0.04649989, ...,  0.02600429,
        -0.01327293, -0.00920471],
       [-0.03337511, -0.0702836 , -0.09598263, ..., -0.00677781,
         0.0677471 , -0.00780167],
       ...,
       [-0.00743154, -0.06563339, -0.04037875, ..., -0.09329943,
        -0.00210533,  0.01126363],
       [-0.05480402, -0.06699948,  0.08637671, ..., -0.08242452,
        -0.06640561,  0.0256982 ],
       [-0.04884807, -0.06524929, -0.03421447, ..., -0.02078555,
         0.01491126,  0.04587765]]), array([[ 0.21442641,  0.23774508, -0.11317549, ...,  0.144282  ,
         0.31499173,  0.23268702],
       [-0.46922458, -0.02272122, -0.20189588, ..., -0.4275547 ,
         0.10671862,  0.19778534],
       [ 0.20491601, -0.19307862,  0.39656477, ...,  0.43133294,
        -0.00937741,  0.35891543],
       ...,
       [ 0.36436273,  0.48682986,  0.12438233, ...,  0.01668038,
         0.10432055,  0.05007522],
       [-0.26126641,  0.40266481, -0.01458571, ..., -0.18432973,
         0.46699686,  0.30583829],
       [-0.2750539 ,  0.31170217,  0.19716303, ...,  0.35856106,
         0.37476974,  0.1506725 ]]), array([[ 0.44888545, -0.44709287, -0.40543887,  0.30582609,  0.13172754,
        -0.27668385,  0.16342334, -0.33126287,  0.20149537, -0.18431602,
        -0.27959121, -0.38702302, -0.12749426,  0.01235687, -0.49977214,
        -0.37025563, -0.38274091, -0.00074098, -0.42997711, -0.44097343,
        -0.32404816,  0.33369536,  0.48181309,  0.19039452,  0.41984373,
         0.33228383],
       [-0.28980689,  0.12407798,  0.47827473,  0.03371558, -0.30658217,
         0.29533039, -0.37398928,  0.18290976,  0.45522933,  0.01449153,
         0.22722593, -0.47919339,  0.26654346,  0.38256955, -0.25806805,
         0.42181754,  0.3547306 , -0.29277816,  0.18963507,  0.06031418,
        -0.01722919, -0.05437235,  0.18663451,  0.31706164,  0.26894515,
        -0.46477275],
       [ 0.33103076,  0.24775925, -0.3881758 ,  0.42530864, -0.44132727,
         0.09156112, -0.10649115,  0.40354729, -0.28070437, -0.06443373,
        -0.29366563, -0.48136404,  0.32387855,  0.44873612,  0.24812368,
        -0.35740924, -0.24818635,  0.17337224,  0.36983205, -0.25820247,
         0.16296375,  0.2746983 , -0.03421421,  0.09118265, -0.1488793 ,
         0.27103121],
       [-0.10204479,  0.23665586,  0.43794133, -0.18102574,  0.41533128,
         0.08162097, -0.22000954,  0.34142719, -0.13858204, -0.13270628,
        -0.06285206,  0.21921255, -0.0614287 , -0.02145653, -0.00534488,
         0.02944267, -0.12845882,  0.29426116, -0.34771273,  0.32762233,
         0.08225505, -0.41479611,  0.22804562,  0.43949905, -0.11069426,
        -0.40122213],
       [-0.48639698, -0.26651156,  0.04817658,  0.41388488, -0.37966739,
        -0.15284605,  0.33836318,  0.42126373,  0.20043442, -0.08922928,
        -0.41557979,  0.33103735, -0.33406447,  0.3369636 , -0.48291558,
         0.15156177, -0.08115484,  0.16386037,  0.34731873,  0.36218244,
        -0.2653001 , -0.39487229, -0.45687869,  0.23387287,  0.22250702,
        -0.42283769],
       [ 0.20454861,  0.36621777, -0.39247871, -0.07829146, -0.40051478,
         0.35417507, -0.0309555 , -0.0153948 , -0.4324489 , -0.00495142,
         0.01001304,  0.23240929,  0.35570432, -0.18207071, -0.26062401,
         0.01762438,  0.35843266,  0.32170485,  0.47659835,  0.31358094,
         0.38382008, -0.17512404, -0.34685367, -0.15309471, -0.01980814,
        -0.49154453],
       [ 0.26161178, -0.17196325,  0.46168068,  0.21358147,  0.44580604,
         0.10337463, -0.45011636,  0.19066894,  0.2843243 ,  0.42116599,
        -0.28643245,  0.40872939,  0.27112602, -0.2707438 , -0.49569221,
         0.49803322,  0.48230099,  0.16577275,  0.47628132,  0.3307302 ,
         0.29191366, -0.1712496 , -0.10480699, -0.40121596,  0.41456376,
        -0.07530926],
       [-0.08488969, -0.43421651,  0.32981442,  0.11808427,  0.03583256,
        -0.09125857,  0.24048786, -0.3858065 ,  0.014435  ,  0.19522361,
         0.27284771,  0.08768487, -0.11089632, -0.29460665,  0.15783634,
         0.4361006 ,  0.20189653,  0.27306017,  0.38374249,  0.45610912,
        -0.22601916,  0.13350251, -0.44284628, -0.29640323, -0.37138442,
        -0.04720198],
       [ 0.1222664 , -0.17635415,  0.46304372, -0.04726464, -0.23050322,
         0.37552907, -0.05444417,  0.2521336 , -0.3043349 , -0.06310704,
         0.30614391, -0.00807741, -0.25294754,  0.1216791 , -0.38628045,
        -0.22767958,  0.02833798,  0.07207333, -0.14173281, -0.08512624,
        -0.16708085,  0.11993659, -0.12346316, -0.26589398,  0.43665483,
         0.20682822],
       [ 0.15309448, -0.32552351, -0.06809006, -0.20934808, -0.28710592,
        -0.49240084,  0.20163017, -0.31712811,  0.31801843,  0.30730545,
        -0.06110319, -0.0135379 ,  0.49498696, -0.46376542, -0.11053026,
         0.14319526,  0.42446566, -0.16505131, -0.34188867,  0.06468321,
        -0.15159846,  0.49100919,  0.2695514 , -0.35941773, -0.10310427,
        -0.23617896]])]
MSE_values = [1, 2, 3, 4, 5, 6]
ERROR TRAINNING  = 0.001
ERROR TEST  = 0.001

